date,race,combo,odds
2025-10-29,1,1-2-3,10.4
2025-10-29,1,1-2-4,15.4
2025-10-29,1,1-2-5,36.5
2025-10-29,1,1-2-6,23.5
2025-10-29,1,1-3-2,11.8
2025-10-29,1,1-3-4,16.0
2025-10-29,1,1-3-5,28.0
2025-10-29,1,1-3-6,25.0
2025-10-29,1,1-4-2,26.6
2025-10-29,1,1-4-3,30.1
2025-10-29,1,1-4-5,48.3
2025-10-29,1,1-4-6,36.2
2025-10-29,1,1-5-2,84.9
2025-10-29,1,1-5-3,84.4
2025-10-29,1,1-5-4,105.5
2025-10-29,1,1-5-6,91.3
2025-10-29,1,1-6-2,51.9
2025-10-29,1,1-6-3,62.7
2025-10-29,1,1-6-4,81.5
2025-10-29,1,1-6-5,146.5
2025-10-29,1,2-1-3,26.4
2025-10-29,1,2-1-4,38.0
2025-10-29,1,2-1-5,73.1
2025-10-29,1,2-1-6,49.8
2025-10-29,1,2-3-1,39.1
2025-10-29,1,2-3-4,59.7
2025-10-29,1,2-3-5,84.1
2025-10-29,1,2-3-6,72.3
2025-10-29,1,2-4-1,82.0
2025-10-29,1,2-4-3,99.5
2025-10-29,1,2-4-5,168.9
2025-10-29,1,2-4-6,141.9
2025-10-29,1,2-5-1,211.2
2025-10-29,1,2-5-3,185.3
2025-10-29,1,2-5-4,304.8
2025-10-29,1,2-5-6,317.0
2025-10-29,1,2-6-1,116.4
2025-10-29,1,2-6-3,144.3
2025-10-29,1,2-6-4,254.0
2025-10-29,1,2-6-5,370.3
2025-10-29,1,3-1-2,34.1
2025-10-29,1,3-1-4,40.5
2025-10-29,1,3-1-5,57.9
2025-10-29,1,3-1-6,51.2
2025-10-29,1,3-2-1,48.0
2025-10-29,1,3-2-4,72.3
2025-10-29,1,3-2-5,93.6
2025-10-29,1,3-2-6,82.6
2025-10-29,1,3-4-1,75.8
2025-10-29,1,3-4-2,91.8
2025-10-29,1,3-4-5,129.0
2025-10-29,1,3-4-6,119.4
2025-10-29,1,3-5-1,161.8
2025-10-29,1,3-5-2,183.4
2025-10-29,1,3-5-4,213.2
2025-10-29,1,3-5-6,220.8
2025-10-29,1,3-6-1,137.2
2025-10-29,1,3-6-2,180.7
2025-10-29,1,3-6-4,225.1
2025-10-29,1,3-6-5,261.7
2025-10-29,1,4-1-2,97.4
2025-10-29,1,4-1-3,103.4
2025-10-29,1,4-1-5,117.3
2025-10-29,1,4-1-6,110.0
2025-10-29,1,4-2-1,149.4
2025-10-29,1,4-2-3,189.2
2025-10-29,1,4-2-5,239.3
2025-10-29,1,4-2-6,212.1
2025-10-29,1,4-3-1,169.6
2025-10-29,1,4-3-2,185.0
2025-10-29,1,4-3-5,278.2
2025-10-29,1,4-3-6,244.9
2025-10-29,1,4-5-1,183.8
2025-10-29,1,4-5-2,236.4
2025-10-29,1,4-5-3,312.5
2025-10-29,1,4-5-6,162.8
2025-10-29,1,4-6-1,162.6
2025-10-29,1,4-6-2,252.0
2025-10-29,1,4-6-3,343.4
2025-10-29,1,4-6-5,207.9
2025-10-29,1,5-1-2,334.7
2025-10-29,1,5-1-3,334.7
2025-10-29,1,5-1-4,347.0
2025-10-29,1,5-1-6,438.3
2025-10-29,1,5-2-1,475.1
2025-10-29,1,5-2-3,496.6
2025-10-29,1,5-2-4,647.5
2025-10-29,1,5-2-6,700.1
2025-10-29,1,5-3-1,413.6
2025-10-29,1,5-3-2,535.5
2025-10-29,1,5-3-4,664.9
2025-10-29,1,5-3-6,795.7
2025-10-29,1,5-4-1,484.4
2025-10-29,1,5-4-2,551.9
2025-10-29,1,5-4-3,660.4
2025-10-29,1,5-4-6,494.1
2025-10-29,1,5-6-1,513.3
2025-10-29,1,5-6-2,795.7
2025-10-29,1,5-6-3,777.0
2025-10-29,1,5-6-4,653.9
2025-10-29,1,6-1-2,208.3
2025-10-29,1,6-1-3,270.3
2025-10-29,1,6-1-4,259.6
2025-10-29,1,6-1-5,521.4
2025-10-29,1,6-2-1,282.2
2025-10-29,1,6-2-3,387.7
2025-10-29,1,6-2-4,571.0
2025-10-29,1,6-2-5,888.5
2025-10-29,1,6-3-1,466.2
2025-10-29,1,6-3-2,469.5
2025-10-29,1,6-3-4,671.6
2025-10-29,1,6-3-5,939.0
2025-10-29,1,6-4-1,404.3
2025-10-29,1,6-4-2,653.9
2025-10-29,1,6-4-3,725.8
2025-10-29,1,6-4-5,795.7
2025-10-29,1,6-5-1,961.8
2025-10-29,1,6-5-2,1186.0
2025-10-29,1,6-5-3,1113.0
2025-10-29,1,6-5-4,971.3
2025-10-29,2,1-2-3,22.3
2025-10-29,2,1-2-4,27.2
2025-10-29,2,1-2-5,74.5
2025-10-29,2,1-2-6,13.8
2025-10-29,2,1-3-2,36.5
2025-10-29,2,1-3-4,55.2
2025-10-29,2,1-3-5,92.4
2025-10-29,2,1-3-6,27.9
2025-10-29,2,1-4-2,43.3
2025-10-29,2,1-4-3,56.3
2025-10-29,2,1-4-5,106.0
2025-10-29,2,1-4-6,28.5
2025-10-29,2,1-5-2,181.0
2025-10-29,2,1-5-3,194.1
2025-10-29,2,1-5-4,252.5
2025-10-29,2,1-5-6,116.1
2025-10-29,2,1-6-2,18.1
2025-10-29,2,1-6-3,30.7
2025-10-29,2,1-6-4,37.0
2025-10-29,2,1-6-5,63.8
2025-10-29,2,2-1-3,39.6
2025-10-29,2,2-1-4,36.6
2025-10-29,2,2-1-5,126.9
2025-10-29,2,2-1-6,17.6
2025-10-29,2,2-3-1,58.1
2025-10-29,2,2-3-4,88.3
2025-10-29,2,2-3-5,164.5
2025-10-29,2,2-3-6,36.4
2025-10-29,2,2-4-1,88.9
2025-10-29,2,2-4-3,122.1
2025-10-29,2,2-4-5,190.3
2025-10-29,2,2-4-6,46.6
2025-10-29,2,2-5-1,319.3
2025-10-29,2,2-5-3,417.3
2025-10-29,2,2-5-4,437.9
2025-10-29,2,2-5-6,237.8
2025-10-29,2,2-6-1,23.0
2025-10-29,2,2-6-3,34.7
2025-10-29,2,2-6-4,32.4
2025-10-29,2,2-6-5,110.6
2025-10-29,2,3-1-2,101.4
2025-10-29,2,3-1-4,176.5
2025-10-29,2,3-1-5,250.0
2025-10-29,2,3-1-6,74.3
2025-10-29,2,3-2-1,99.7
2025-10-29,2,3-2-4,147.2
2025-10-29,2,3-2-5,303.2
2025-10-29,2,3-2-6,69.7
2025-10-29,2,3-4-1,236.1
2025-10-29,2,3-4-2,210.3
2025-10-29,2,3-4-5,408.9
2025-10-29,2,3-4-6,145.7
2025-10-29,2,3-5-1,487.0
2025-10-29,2,3-5-2,758.6
2025-10-29,2,3-5-4,800.2
2025-10-29,2,3-5-6,446.5
2025-10-29,2,3-6-1,92.6
2025-10-29,2,3-6-2,85.9
2025-10-29,2,3-6-4,162.3
2025-10-29,2,3-6-5,273.1
2025-10-29,2,4-1-2,133.9
2025-10-29,2,4-1-3,154.1
2025-10-29,2,4-1-5,211.6
2025-10-29,2,4-1-6,67.9
2025-10-29,2,4-2-1,180.5
2025-10-29,2,4-2-3,231.6
2025-10-29,2,4-2-5,400.9
2025-10-29,2,4-2-6,100.0
2025-10-29,2,4-3-1,267.4
2025-10-29,2,4-3-2,190.3
2025-10-29,2,4-3-5,430.5
2025-10-29,2,4-3-6,128.5
2025-10-29,2,4-5-1,318.8
2025-10-29,2,4-5-2,456.5
2025-10-29,2,4-5-3,454.4
2025-10-29,2,4-5-6,184.8
2025-10-29,2,4-6-1,88.8
2025-10-29,2,4-6-2,94.2
2025-10-29,2,4-6-3,124.8
2025-10-29,2,4-6-5,119.9
2025-10-29,2,5-1-2,927.5
2025-10-29,2,5-1-3,1041.0
2025-10-29,2,5-1-4,940.3
2025-10-29,2,5-1-6,589.7
2025-10-29,2,5-2-1,778.8
2025-10-29,2,5-2-3,1468.0
2025-10-29,2,5-2-4,1417.0
2025-10-29,2,5-2-6,832.9
2025-10-29,2,5-3-1,761.4
2025-10-29,2,5-3-2,1790.0
2025-10-29,2,5-3-4,2218.0
2025-10-29,2,5-3-6,1103.0
2025-10-29,2,5-4-1,739.3
2025-10-29,2,5-4-2,1179.0
2025-10-29,2,5-4-3,1522.0
2025-10-29,2,5-4-6,622.1
2025-10-29,2,5-6-1,516.6
2025-10-29,2,5-6-2,649.8
2025-10-29,2,5-6-3,836.3
2025-10-29,2,5-6-4,651.9
2025-10-29,2,6-1-2,29.1
2025-10-29,2,6-1-3,71.0
2025-10-29,2,6-1-4,72.1
2025-10-29,2,6-1-5,139.5
2025-10-29,2,6-2-1,31.8
2025-10-29,2,6-2-3,57.3
2025-10-29,2,6-2-4,59.3
2025-10-29,2,6-2-5,172.2
2025-10-29,2,6-3-1,108.1
2025-10-29,2,6-3-2,96.6
2025-10-29,2,6-3-4,204.0
2025-10-29,2,6-3-5,271.7
2025-10-29,2,6-4-1,111.2
2025-10-29,2,6-4-2,96.8
2025-10-29,2,6-4-3,178.8
2025-10-29,2,6-4-5,181.2
2025-10-29,2,6-5-1,243.2
2025-10-29,2,6-5-2,296.1
2025-10-29,2,6-5-3,365.0
2025-10-29,2,6-5-4,322.3
2025-10-29,3,1-2-3,23.1
2025-10-29,3,1-2-4,14.4
2025-10-29,3,1-2-5,98.1
2025-10-29,3,1-2-6,80.0
2025-10-29,3,1-3-2,26.5
2025-10-29,3,1-3-4,11.3
2025-10-29,3,1-3-5,84.1
2025-10-29,3,1-3-6,66.5
2025-10-29,3,1-4-2,12.3
2025-10-29,3,1-4-3,10.8
2025-10-29,3,1-4-5,63.7
2025-10-29,3,1-4-6,38.7
2025-10-29,3,1-5-2,295.7
2025-10-29,3,1-5-3,272.4
2025-10-29,3,1-5-4,223.7
2025-10-29,3,1-5-6,451.9
2025-10-29,3,1-6-2,285.3
2025-10-29,3,1-6-3,247.2
2025-10-29,3,1-6-4,193.0
2025-10-29,3,1-6-5,505.8
2025-10-29,3,2-1-3,71.9
2025-10-29,3,2-1-4,37.5
2025-10-29,3,2-1-5,286.2
2025-10-29,3,2-1-6,180.3
2025-10-29,3,2-3-1,109.7
2025-10-29,3,2-3-4,66.7
2025-10-29,3,2-3-5,361.7
2025-10-29,3,2-3-6,237.7
2025-10-29,3,2-4-1,49.6
2025-10-29,3,2-4-3,63.0
2025-10-29,3,2-4-5,212.5
2025-10-29,3,2-4-6,137.1
2025-10-29,3,2-5-1,726.2
2025-10-29,3,2-5-3,962.1
2025-10-29,3,2-5-4,648.0
2025-10-29,3,2-5-6,1072.0
2025-10-29,3,2-6-1,611.9
2025-10-29,3,2-6-3,723.4
2025-10-29,3,2-6-4,432.0
2025-10-29,3,2-6-5,1414.0
2025-10-29,3,3-1-2,52.5
2025-10-29,3,3-1-4,18.9
2025-10-29,3,3-1-5,116.0
2025-10-29,3,3-1-6,85.9
2025-10-29,3,3-2-1,75.1
2025-10-29,3,3-2-4,53.5
2025-10-29,3,3-2-5,253.2
2025-10-29,3,3-2-6,159.8
2025-10-29,3,3-4-1,20.2
2025-10-29,3,3-4-2,33.0
2025-10-29,3,3-4-5,81.7
2025-10-29,3,3-4-6,50.4
2025-10-29,3,3-5-1,402.2
2025-10-29,3,3-5-2,518.4
2025-10-29,3,3-5-4,297.2
2025-10-29,3,3-5-6,527.2
2025-10-29,3,3-6-1,308.5
2025-10-29,3,3-6-2,414.7
2025-10-29,3,3-6-4,211.8
2025-10-29,3,3-6-5,648.0
2025-10-29,3,4-1-2,19.7
2025-10-29,3,4-1-3,18.4
2025-10-29,3,4-1-5,80.3
2025-10-29,3,4-1-6,49.6
2025-10-29,3,4-2-1,34.1
2025-10-29,3,4-2-3,46.7
2025-10-29,3,4-2-5,145.0
2025-10-29,3,4-2-6,74.6
2025-10-29,3,4-3-1,22.9
2025-10-29,3,4-3-2,37.0
2025-10-29,3,4-3-5,90.4
2025-10-29,3,4-3-6,52.9
2025-10-29,3,4-5-1,128.4
2025-10-29,3,4-5-2,164.7
2025-10-29,3,4-5-3,178.7
2025-10-29,3,4-5-6,146.8
2025-10-29,3,4-6-1,111.8
2025-10-29,3,4-6-2,137.3
2025-10-29,3,4-6-3,141.8
2025-10-29,3,4-6-5,221.6
2025-10-29,3,5-1-2,864.1
2025-10-29,3,5-1-3,906.0
2025-10-29,3,5-1-4,626.3
2025-10-29,3,5-1-6,1138.0
2025-10-29,3,5-2-1,1517.0
2025-10-29,3,5-2-3,1744.0
2025-10-29,3,5-2-4,1188.0
2025-10-29,3,5-2-6,1760.0
2025-10-29,3,5-3-1,1382.0
2025-10-29,3,5-3-2,2028.0
2025-10-29,3,5-3-4,1131.0
2025-10-29,3,5-3-6,1666.0
2025-10-29,3,5-4-1,709.6
2025-10-29,3,5-4-2,829.5
2025-10-29,3,5-4-3,825.8
2025-10-29,3,5-4-6,729.0
2025-10-29,3,5-6-1,2170.0
2025-10-29,3,5-6-2,2248.0
2025-10-29,3,5-6-3,2248.0
2025-10-29,3,5-6-4,1481.0
2025-10-29,3,6-1-2,1145.0
2025-10-29,3,6-1-3,1382.0
2025-10-29,3,6-1-4,668.9
2025-10-29,3,6-1-5,2392.0
2025-10-29,3,6-2-1,1236.0
2025-10-29,3,6-2-3,1542.0
2025-10-29,3,6-2-4,919.4
2025-10-29,3,6-2-5,2556.0
2025-10-29,3,6-3-1,1435.0
2025-10-29,3,6-3-2,1848.0
2025-10-29,3,6-3-4,888.8
2025-10-29,3,6-3-5,2871.0
2025-10-29,3,6-4-1,704.3
2025-10-29,3,6-4-2,987.5
2025-10-29,3,6-4-3,833.2
2025-10-29,3,6-4-5,1924.0
2025-10-29,3,6-5-1,2962.0
2025-10-29,3,6-5-2,2916.0
2025-10-29,3,6-5-3,2628.0
2025-10-29,3,6-5-4,1985.0
2025-10-29,4,1-2-3,30.2
2025-10-29,4,1-2-4,64.9
2025-10-29,4,1-2-5,18.8
2025-10-29,4,1-2-6,162.3
2025-10-29,4,1-3-2,25.2
2025-10-29,4,1-3-4,26.0
2025-10-29,4,1-3-5,8.2
2025-10-29,4,1-3-6,91.5
2025-10-29,4,1-4-2,95.4
2025-10-29,4,1-4-3,56.9
2025-10-29,4,1-4-5,38.4
2025-10-29,4,1-4-6,202.3
2025-10-29,4,1-5-2,14.6
2025-10-29,4,1-5-3,9.0
2025-10-29,4,1-5-4,21.5
2025-10-29,4,1-5-6,47.6
2025-10-29,4,1-6-2,468.0
2025-10-29,4,1-6-3,383.6
2025-10-29,4,1-6-4,528.5
2025-10-29,4,1-6-5,227.1
2025-10-29,4,2-1-3,126.2
2025-10-29,4,2-1-4,232.7
2025-10-29,4,2-1-5,84.7
2025-10-29,4,2-1-6,467.1
2025-10-29,4,2-3-1,184.7
2025-10-29,4,2-3-4,472.2
2025-10-29,4,2-3-5,189.0
2025-10-29,4,2-3-6,954.8
2025-10-29,4,2-4-1,429.5
2025-10-29,4,2-4-3,809.9
2025-10-29,4,2-4-5,527.4
2025-10-29,4,2-4-6,1173.0
2025-10-29,4,2-5-1,135.5
2025-10-29,4,2-5-3,215.8
2025-10-29,4,2-5-4,408.7
2025-10-29,4,2-5-6,567.5
2025-10-29,4,2-6-1,1228.0
2025-10-29,4,2-6-3,1895.0
2025-10-29,4,2-6-4,1478.0
2025-10-29,4,2-6-5,1157.0
2025-10-29,4,3-1-2,58.8
2025-10-29,4,3-1-4,46.6
2025-10-29,4,3-1-5,14.7
2025-10-29,4,3-1-6,136.9
2025-10-29,4,3-2-1,124.7
2025-10-29,4,3-2-4,261.3
2025-10-29,4,3-2-5,94.5
2025-10-29,4,3-2-6,505.0
2025-10-29,4,3-4-1,88.3
2025-10-29,4,3-4-2,228.6
2025-10-29,4,3-4-5,64.3
2025-10-29,4,3-4-6,223.4
2025-10-29,4,3-5-1,18.1
2025-10-29,4,3-5-2,56.7
2025-10-29,4,3-5-4,36.6
2025-10-29,4,3-5-6,70.9
2025-10-29,4,3-6-1,417.9
2025-10-29,4,3-6-2,899.0
2025-10-29,4,3-6-4,527.4
2025-10-29,4,3-6-5,248.2
2025-10-29,4,4-1-2,376.9
2025-10-29,4,4-1-3,210.1
2025-10-29,4,4-1-5,137.4
2025-10-29,4,4-1-6,553.1
2025-10-29,4,4-2-1,508.9
2025-10-29,4,4-2-3,741.1
2025-10-29,4,4-2-5,667.4
2025-10-29,4,4-2-6,1162.0
2025-10-29,4,4-3-1,208.9
2025-10-29,4,4-3-2,585.2
2025-10-29,4,4-3-5,176.8
2025-10-29,4,4-3-6,617.0
2025-10-29,4,4-5-1,132.0
2025-10-29,4,4-5-2,409.4
2025-10-29,4,4-5-3,185.0
2025-10-29,4,4-5-6,331.1
2025-10-29,4,4-6-1,908.4
2025-10-29,4,4-6-2,1245.0
2025-10-29,4,4-6-3,1308.0
2025-10-29,4,4-6-5,703.2
2025-10-29,4,5-1-2,38.9
2025-10-29,4,5-1-3,18.3
2025-10-29,4,5-1-4,44.6
2025-10-29,4,5-1-6,67.9
2025-10-29,4,5-2-1,91.5
2025-10-29,4,5-2-3,128.3
2025-10-29,4,5-2-4,271.6
2025-10-29,4,5-2-6,292.6
2025-10-29,4,5-3-1,23.8
2025-10-29,4,5-3-2,72.4
2025-10-29,4,5-3-4,63.4
2025-10-29,4,5-3-6,78.6
2025-10-29,4,5-4-1,102.8
2025-10-29,4,5-4-2,286.8
2025-10-29,4,5-4-3,134.4
2025-10-29,4,5-4-6,261.1
2025-10-29,4,5-6-1,169.5
2025-10-29,4,5-6-2,328.2
2025-10-29,4,5-6-3,206.0
2025-10-29,4,5-6-4,340.2
2025-10-29,4,6-1-2,1721.0
2025-10-29,4,6-1-3,1744.0
2025-10-29,4,6-1-4,2422.0
2025-10-29,4,6-1-5,1021.0
2025-10-29,4,6-2-1,2275.0
2025-10-29,4,6-2-3,3270.0
2025-10-29,4,6-2-4,3077.0
2025-10-29,4,6-2-5,2422.0
2025-10-29,4,6-3-1,2060.0
2025-10-29,4,6-3-2,3535.0
2025-10-29,4,6-3-4,2939.0
2025-10-29,4,6-3-5,1376.0
2025-10-29,4,6-4-1,3114.0
2025-10-29,4,6-4-2,3007.0
2025-10-29,4,6-4-3,3684.0
2025-10-29,4,6-4-5,2275.0
2025-10-29,4,6-5-1,934.3
2025-10-29,4,6-5-2,2076.0
2025-10-29,4,6-5-3,1167.0
2025-10-29,4,6-5-4,1895.0
2025-10-29,5,1-2-3,43.9
2025-10-29,5,1-2-4,44.9
2025-10-29,5,1-2-5,119.9
2025-10-29,5,1-2-6,46.3
2025-10-29,5,1-3-2,35.0
2025-10-29,5,1-3-4,15.6
2025-10-29,5,1-3-5,56.6
2025-10-29,5,1-3-6,15.8
2025-10-29,5,1-4-2,46.0
2025-10-29,5,1-4-3,21.2
2025-10-29,5,1-4-5,78.9
2025-10-29,5,1-4-6,15.2
2025-10-29,5,1-5-2,238.9
2025-10-29,5,1-5-3,176.8
2025-10-29,5,1-5-4,181.2
2025-10-29,5,1-5-6,154.3
2025-10-29,5,1-6-2,53.9
2025-10-29,5,1-6-3,27.3
2025-10-29,5,1-6-4,22.8
2025-10-29,5,1-6-5,94.4
2025-10-29,5,2-1-3,167.3
2025-10-29,5,2-1-4,151.5
2025-10-29,5,2-1-5,306.4
2025-10-29,5,2-1-6,145.7
2025-10-29,5,2-3-1,217.8
2025-10-29,5,2-3-4,251.5
2025-10-29,5,2-3-5,456.3
2025-10-29,5,2-3-6,238.2
2025-10-29,5,2-4-1,228.0
2025-10-29,5,2-4-3,304.6
2025-10-29,5,2-4-5,474.7
2025-10-29,5,2-4-6,183.0
2025-10-29,5,2-5-1,682.0
2025-10-29,5,2-5-3,900.9
2025-10-29,5,2-5-4,813.2
2025-10-29,5,2-5-6,671.9
2025-10-29,5,2-6-1,258.6
2025-10-29,5,2-6-3,322.3
2025-10-29,5,2-6-4,218.5
2025-10-29,5,2-6-5,495.5
2025-10-29,5,3-1-2,82.4
2025-10-29,5,3-1-4,34.0
2025-10-29,5,3-1-5,90.2
2025-10-29,5,3-1-6,29.9
2025-10-29,5,3-2-1,168.6
2025-10-29,5,3-2-4,173.8
2025-10-29,5,3-2-5,297.5
2025-10-29,5,3-2-6,146.4
2025-10-29,5,3-4-1,46.1
2025-10-29,5,3-4-2,137.7
2025-10-29,5,3-4-5,116.7
2025-10-29,5,3-4-6,32.3
2025-10-29,5,3-5-1,213.2
2025-10-29,5,3-5-2,383.0
2025-10-29,5,3-5-4,212.9
2025-10-29,5,3-5-6,160.0
2025-10-29,5,3-6-1,46.2
2025-10-29,5,3-6-2,132.5
2025-10-29,5,3-6-4,40.5
2025-10-29,5,3-6-5,126.6
2025-10-29,5,4-1-2,89.7
2025-10-29,5,4-1-3,46.8
2025-10-29,5,4-1-5,103.2
2025-10-29,5,4-1-6,25.4
2025-10-29,5,4-2-1,177.0
2025-10-29,5,4-2-3,253.3
2025-10-29,5,4-2-5,313.3
2025-10-29,5,4-2-6,111.8
2025-10-29,5,4-3-1,60.1
2025-10-29,5,4-3-2,182.5
2025-10-29,5,4-3-5,161.9
2025-10-29,5,4-3-6,41.0
2025-10-29,5,4-5-1,154.7
2025-10-29,5,4-5-2,282.1
2025-10-29,5,4-5-3,230.8
2025-10-29,5,4-5-6,95.2
2025-10-29,5,4-6-1,24.9
2025-10-29,5,4-6-2,66.8
2025-10-29,5,4-6-3,33.2
2025-10-29,5,4-6-5,61.9
2025-10-29,5,5-1-2,645.9
2025-10-29,5,5-1-3,512.3
2025-10-29,5,5-1-4,506.6
2025-10-29,5,5-1-6,436.2
2025-10-29,5,5-2-1,1060.0
2025-10-29,5,5-2-3,1305.0
2025-10-29,5,5-2-4,1409.0
2025-10-29,5,5-2-6,963.9
2025-10-29,5,5-3-1,642.0
2025-10-29,5,5-3-2,1116.0
2025-10-29,5,5-3-4,695.5
2025-10-29,5,5-3-6,585.1
2025-10-29,5,5-4-1,625.5
2025-10-29,5,5-4-2,1108.0
2025-10-29,5,5-4-3,790.8
2025-10-29,5,5-4-6,353.5
2025-10-29,5,5-6-1,585.1
2025-10-29,5,5-6-2,823.7
2025-10-29,5,5-6-3,609.9
2025-10-29,5,5-6-4,393.4
2025-10-29,5,6-1-2,126.2
2025-10-29,5,6-1-3,59.0
2025-10-29,5,6-1-4,43.8
2025-10-29,5,6-1-5,213.4
2025-10-29,5,6-2-1,236.3
2025-10-29,5,6-2-3,299.4
2025-10-29,5,6-2-4,220.7
2025-10-29,5,6-2-5,595.0
2025-10-29,5,6-3-1,75.7
2025-10-29,5,6-3-2,241.1
2025-10-29,5,6-3-4,64.1
2025-10-29,5,6-3-5,259.9
2025-10-29,5,6-4-1,43.8
2025-10-29,5,6-4-2,139.7
2025-10-29,5,6-4-3,56.7
2025-10-29,5,6-4-5,147.5
2025-10-29,5,6-5-1,467.0
2025-10-29,5,6-5-2,755.1
2025-10-29,5,6-5-3,460.9
2025-10-29,5,6-5-4,286.7
2025-10-29,6,1-2-3,8.0
2025-10-29,6,1-2-4,13.4
2025-10-29,6,1-2-5,39.3
2025-10-29,6,1-2-6,114.7
2025-10-29,6,1-3-2,5.8
2025-10-29,6,1-3-4,5.8
2025-10-29,6,1-3-5,22.5
2025-10-29,6,1-3-6,77.7
2025-10-29,6,1-4-2,16.7
2025-10-29,6,1-4-3,11.4
2025-10-29,6,1-4-5,34.2
2025-10-29,6,1-4-6,99.9
2025-10-29,6,1-5-2,91.6
2025-10-29,6,1-5-3,81.4
2025-10-29,6,1-5-4,101.9
2025-10-29,6,1-5-6,337.3
2025-10-29,6,1-6-2,335.1
2025-10-29,6,1-6-3,325.9
2025-10-29,6,1-6-4,385.8
2025-10-29,6,1-6-5,501.6
2025-10-29,6,2-1-3,36.0
2025-10-29,6,2-1-4,46.9
2025-10-29,6,2-1-5,118.2
2025-10-29,6,2-1-6,306.7
2025-10-29,6,2-3-1,76.7
2025-10-29,6,2-3-4,168.6
2025-10-29,6,2-3-5,370.2
2025-10-29,6,2-3-6,703.6
2025-10-29,6,2-4-1,160.9
2025-10-29,6,2-4-3,269.4
2025-10-29,6,2-4-5,595.7
2025-10-29,6,2-4-6,1110.0
2025-10-29,6,2-5-1,513.2
2025-10-29,6,2-5-3,1295.0
2025-10-29,6,2-5-4,1295.0
2025-10-29,6,2-5-6,1570.0
2025-10-29,6,2-6-1,1016.0
2025-10-29,6,2-6-3,1851.0
2025-10-29,6,2-6-4,1400.0
2025-10-29,6,2-6-5,1509.0
2025-10-29,6,3-1-2,23.5
2025-10-29,6,3-1-4,17.6
2025-10-29,6,3-1-5,43.3
2025-10-29,6,3-1-6,135.4
2025-10-29,6,3-2-1,55.5
2025-10-29,6,3-2-4,88.4
2025-10-29,6,3-2-5,192.2
2025-10-29,6,3-2-6,386.8
2025-10-29,6,3-4-1,40.6
2025-10-29,6,3-4-2,77.2
2025-10-29,6,3-4-5,115.1
2025-10-29,6,3-4-6,292.8
2025-10-29,6,3-5-1,194.6
2025-10-29,6,3-5-2,394.6
2025-10-29,6,3-5-4,323.9
2025-10-29,6,3-5-6,854.3
2025-10-29,6,3-6-1,624.5
2025-10-29,6,3-6-2,1205.0
2025-10-29,6,3-6-4,840.5
2025-10-29,6,3-6-5,1016.0
2025-10-29,6,4-1-2,67.4
2025-10-29,6,4-1-3,45.7
2025-10-29,6,4-1-5,113.0
2025-10-29,6,4-1-6,250.8
2025-10-29,6,4-2-1,152.4
2025-10-29,6,4-2-3,223.0
2025-10-29,6,4-2-5,402.8
2025-10-29,6,4-2-6,634.6
2025-10-29,6,4-3-1,73.9
2025-10-29,6,4-3-2,169.0
2025-10-29,6,4-3-5,215.3
2025-10-29,6,4-3-6,523.5
2025-10-29,6,4-5-1,227.6
2025-10-29,6,4-5-2,434.3
2025-10-29,6,4-5-3,403.8
2025-10-29,6,4-5-6,637.2
2025-10-29,6,4-6-1,656.1
2025-10-29,6,4-6-2,971.8
2025-10-29,6,4-6-3,1234.0
2025-10-29,6,4-6-5,971.8
2025-10-29,6,5-1-2,461.4
2025-10-29,6,5-1-3,559.3
2025-10-29,6,5-1-4,495.2
2025-10-29,6,5-1-6,1317.0
2025-10-29,6,5-2-1,1003.0
2025-10-29,6,5-2-3,1654.0
2025-10-29,6,5-2-4,1480.0
2025-10-29,6,5-2-6,1896.0
2025-10-29,6,5-3-1,700.4
2025-10-29,6,5-3-2,1539.0
2025-10-29,6,5-3-4,1586.0
2025-10-29,6,5-3-6,1555.0
2025-10-29,6,5-4-1,730.0
2025-10-29,6,5-4-2,1151.0
2025-10-29,6,5-4-3,1364.0
2025-10-29,6,5-4-6,1570.0
2025-10-29,6,5-6-1,2253.0
2025-10-29,6,5-6-2,2468.0
2025-10-29,6,5-6-3,2190.0
2025-10-29,6,5-6-4,2286.0
2025-10-29,6,6-1-2,1495.0
2025-10-29,6,6-1-3,1767.0
2025-10-29,6,6-1-4,1143.0
2025-10-29,6,6-1-5,2130.0
2025-10-29,6,6-2-1,2286.0
2025-10-29,6,6-2-3,3455.0
2025-10-29,6,6-2-4,2933.0
2025-10-29,6,6-2-5,2591.0
2025-10-29,6,6-3-1,2728.0
2025-10-29,6,6-3-2,3792.0
2025-10-29,6,6-3-4,2549.0
2025-10-29,6,6-3-5,2827.0
2025-10-29,6,6-4-1,1570.0
2025-10-29,6,6-4-2,3308.0
2025-10-29,6,6-4-3,3308.0
2025-10-29,6,6-4-5,2933.0
2025-10-29,6,6-5-1,3534.0
2025-10-29,6,6-5-2,3792.0
2025-10-29,6,6-5-3,3173.0
2025-10-29,6,6-5-4,3049.0
2025-10-29,7,1-2-3,12.9
2025-10-29,7,1-2-4,27.1
2025-10-29,7,1-2-5,7.2
2025-10-29,7,1-2-6,36.9
2025-10-29,7,1-3-2,27.4
2025-10-29,7,1-3-4,106.5
2025-10-29,7,1-3-5,34.2
2025-10-29,7,1-3-6,156.8
2025-10-29,7,1-4-2,84.6
2025-10-29,7,1-4-3,188.7
2025-10-29,7,1-4-5,102.9
2025-10-29,7,1-4-6,360.5
2025-10-29,7,1-5-2,10.7
2025-10-29,7,1-5-3,30.2
2025-10-29,7,1-5-4,59.4
2025-10-29,7,1-5-6,35.8
2025-10-29,7,1-6-2,113.2
2025-10-29,7,1-6-3,360.5
2025-10-29,7,1-6-4,456.8
2025-10-29,7,1-6-5,113.4
2025-10-29,7,2-1-3,36.9
2025-10-29,7,2-1-4,78.9
2025-10-29,7,2-1-5,14.3
2025-10-29,7,2-1-6,53.2
2025-10-29,7,2-3-1,92.6
2025-10-29,7,2-3-4,311.7
2025-10-29,7,2-3-5,75.1
2025-10-29,7,2-3-6,221.6
2025-10-29,7,2-4-1,249.0
2025-10-29,7,2-4-3,385.7
2025-10-29,7,2-4-5,197.8
2025-10-29,7,2-4-6,370.9
2025-10-29,7,2-5-1,18.2
2025-10-29,7,2-5-3,50.1
2025-10-29,7,2-5-4,104.9
2025-10-29,7,2-5-6,37.6
2025-10-29,7,2-6-1,179.1
2025-10-29,7,2-6-3,373.0
2025-10-29,7,2-6-4,466.8
2025-10-29,7,2-6-5,114.0
2025-10-29,7,3-1-2,173.1
2025-10-29,7,3-1-4,400.9
2025-10-29,7,3-1-5,187.8
2025-10-29,7,3-1-6,404.3
2025-10-29,7,3-2-1,192.3
2025-10-29,7,3-2-4,525.1
2025-10-29,7,3-2-5,178.2
2025-10-29,7,3-2-6,438.2
2025-10-29,7,3-4-1,1050.0
2025-10-29,7,3-4-2,847.6
2025-10-29,7,3-4-5,829.4
2025-10-29,7,3-4-6,1421.0
2025-10-29,7,3-5-1,245.8
2025-10-29,7,3-5-2,213.7
2025-10-29,7,3-5-4,666.4
2025-10-29,7,3-5-6,453.6
2025-10-29,7,3-6-1,1200.0
2025-10-29,7,3-6-2,911.6
2025-10-29,7,3-6-4,1442.0
2025-10-29,7,3-6-5,924.7
2025-10-29,7,4-1-2,464.5
2025-10-29,7,4-1-3,882.4
2025-10-29,7,4-1-5,558.5
2025-10-29,7,4-1-6,996.2
2025-10-29,7,4-2-1,552.1
2025-10-29,7,4-2-3,991.1
2025-10-29,7,4-2-5,471.3
2025-10-29,7,4-2-6,836.6
2025-10-29,7,4-3-1,1254.0
2025-10-29,7,4-3-2,1215.0
2025-10-29,7,4-3-5,1192.0
2025-10-29,7,4-3-6,1840.0
2025-10-29,7,4-5-1,529.4
2025-10-29,7,4-5-2,439.2
2025-10-29,7,4-5-3,1130.0
2025-10-29,7,4-5-6,752.0
2025-10-29,7,4-6-1,1486.0
2025-10-29,7,4-6-2,1079.0
2025-10-29,7,4-6-3,2196.0
2025-10-29,7,4-6-5,1230.0
2025-10-29,7,5-1-2,15.6
2025-10-29,7,5-1-3,51.1
2025-10-29,7,5-1-4,122.3
2025-10-29,7,5-1-6,29.6
2025-10-29,7,5-2-1,15.6
2025-10-29,7,5-2-3,44.3
2025-10-29,7,5-2-4,111.6
2025-10-29,7,5-2-6,26.9
2025-10-29,7,5-3-1,141.7
2025-10-29,7,5-3-2,125.2
2025-10-29,7,5-3-4,451.5
2025-10-29,7,5-3-6,162.2
2025-10-29,7,5-4-1,266.9
2025-10-29,7,5-4-2,242.7
2025-10-29,7,5-4-3,570.1
2025-10-29,7,5-4-6,316.3
2025-10-29,7,5-6-1,52.0
2025-10-29,7,5-6-2,43.6
2025-10-29,7,5-6-3,145.8
2025-10-29,7,5-6-4,289.3
2025-10-29,7,6-1-2,460.1
2025-10-29,7,6-1-3,1342.0
2025-10-29,7,6-1-4,1666.0
2025-10-29,7,6-1-5,384.2
2025-10-29,7,6-2-1,583.8
2025-10-29,7,6-2-3,1223.0
2025-10-29,7,6-2-4,1464.0
2025-10-29,7,6-2-5,291.0
2025-10-29,7,6-3-1,1972.0
2025-10-29,7,6-3-2,1823.0
2025-10-29,7,6-3-4,2647.0
2025-10-29,7,6-3-5,1546.0
2025-10-29,7,6-4-1,2684.0
2025-10-29,7,6-4-2,2034.0
2025-10-29,7,6-4-3,2928.0
2025-10-29,7,6-4-5,2196.0
2025-10-29,7,6-5-1,391.2
2025-10-29,7,6-5-2,276.8
2025-10-29,7,6-5-3,1279.0
2025-10-29,7,6-5-4,1431.0
2025-10-29,8,1-2-3,32.9
2025-10-29,8,1-2-4,44.4
2025-10-29,8,1-2-5,91.7
2025-10-29,8,1-2-6,197.3
2025-10-29,8,1-3-2,17.0
2025-10-29,8,1-3-4,10.0
2025-10-29,8,1-3-5,28.5
2025-10-29,8,1-3-6,84.3
2025-10-29,8,1-4-2,27.8
2025-10-29,8,1-4-3,15.3
2025-10-29,8,1-4-5,35.2
2025-10-29,8,1-4-6,87.5
2025-10-29,8,1-5-2,136.4
2025-10-29,8,1-5-3,93.9
2025-10-29,8,1-5-4,119.8
2025-10-29,8,1-5-6,338.7
2025-10-29,8,1-6-2,401.7
2025-10-29,8,1-6-3,404.0
2025-10-29,8,1-6-4,392.9
2025-10-29,8,1-6-5,583.9
2025-10-29,8,2-1-3,60.7
2025-10-29,8,2-1-4,99.1
2025-10-29,8,2-1-5,168.9
2025-10-29,8,2-1-6,335.0
2025-10-29,8,2-3-1,69.7
2025-10-29,8,2-3-4,73.3
2025-10-29,8,2-3-5,124.1
2025-10-29,8,2-3-6,324.3
2025-10-29,8,2-4-1,135.6
2025-10-29,8,2-4-3,107.5
2025-10-29,8,2-4-5,170.7
2025-10-29,8,2-4-6,363.5
2025-10-29,8,2-5-1,304.9
2025-10-29,8,2-5-3,300.2
2025-10-29,8,2-5-4,343.6
2025-10-29,8,2-5-6,731.9
2025-10-29,8,2-6-1,1149.0
2025-10-29,8,2-6-3,1017.0
2025-10-29,8,2-6-4,945.7
2025-10-29,8,2-6-5,1505.0
2025-10-29,8,3-1-2,26.1
2025-10-29,8,3-1-4,14.6
2025-10-29,8,3-1-5,27.8
2025-10-29,8,3-1-6,89.5
2025-10-29,8,3-2-1,44.2
2025-10-29,8,3-2-4,40.2
2025-10-29,8,3-2-5,60.0
2025-10-29,8,3-2-6,180.3
2025-10-29,8,3-4-1,17.9
2025-10-29,8,3-4-2,29.1
2025-10-29,8,3-4-5,23.4
2025-10-29,8,3-4-6,69.7
2025-10-29,8,3-5-1,67.8
2025-10-29,8,3-5-2,96.4
2025-10-29,8,3-5-4,55.5
2025-10-29,8,3-5-6,162.5
2025-10-29,8,3-6-1,379.6
2025-10-29,8,3-6-2,413.4
2025-10-29,8,3-6-4,254.7
2025-10-29,8,3-6-5,347.5
2025-10-29,8,4-1-2,59.0
2025-10-29,8,4-1-3,34.4
2025-10-29,8,4-1-5,50.3
2025-10-29,8,4-1-6,106.5
2025-10-29,8,4-2-1,116.4
2025-10-29,8,4-2-3,85.0
2025-10-29,8,4-2-5,116.8
2025-10-29,8,4-2-6,252.9
2025-10-29,8,4-3-1,31.5
2025-10-29,8,4-3-2,52.7
2025-10-29,8,4-3-5,41.6
2025-10-29,8,4-3-6,100.9
2025-10-29,8,4-5-1,61.8
2025-10-29,8,4-5-2,81.7
2025-10-29,8,4-5-3,53.1
2025-10-29,8,4-5-6,101.5
2025-10-29,8,4-6-1,285.7
2025-10-29,8,4-6-2,336.0
2025-10-29,8,4-6-3,268.8
2025-10-29,8,4-6-5,219.9
2025-10-29,8,5-1-2,362.8
2025-10-29,8,5-1-3,284.2
2025-10-29,8,5-1-4,236.4
2025-10-29,8,5-1-6,579.2
2025-10-29,8,5-2-1,415.0
2025-10-29,8,5-2-3,453.8
2025-10-29,8,5-2-4,386.5
2025-10-29,8,5-2-6,841.5
2025-10-29,8,5-3-1,259.0
2025-10-29,8,5-3-2,376.3
2025-10-29,8,5-3-4,173.6
2025-10-29,8,5-3-6,525.1
2025-10-29,8,5-4-1,170.5
2025-10-29,8,5-4-2,260.3
2025-10-29,8,5-4-3,148.5
2025-10-29,8,5-4-6,257.5
2025-10-29,8,5-6-1,1008.0
2025-10-29,8,5-6-2,1344.0
2025-10-29,8,5-6-3,1032.0
2025-10-29,8,5-6-4,559.5
2025-10-29,8,6-1-2,1979.0
2025-10-29,8,6-1-3,2428.0
2025-10-29,8,6-1-4,1979.0
2025-10-29,8,6-1-5,2514.0
2025-10-29,8,6-2-1,2181.0
2025-10-29,8,6-2-3,2226.0
2025-10-29,8,6-2-4,2137.0
2025-10-29,8,6-2-5,2485.0
2025-10-29,8,6-3-1,2075.0
2025-10-29,8,6-3-2,2298.0
2025-10-29,8,6-3-4,1167.0
2025-10-29,8,6-3-5,1751.0
2025-10-29,8,6-4-1,2137.0
2025-10-29,8,6-4-2,2016.0
2025-10-29,8,6-4-3,1295.0
2025-10-29,8,6-4-5,1327.0
2025-10-29,8,6-5-1,2927.0
2025-10-29,8,6-5-2,2927.0
2025-10-29,8,6-5-3,2075.0
2025-10-29,8,6-5-4,1484.0
2025-10-29,9,1-2-3,23.4
2025-10-29,9,1-2-4,27.7
2025-10-29,9,1-2-5,27.3
2025-10-29,9,1-2-6,86.9
2025-10-29,9,1-3-2,17.7
2025-10-29,9,1-3-4,9.4
2025-10-29,9,1-3-5,9.4
2025-10-29,9,1-3-6,50.9
2025-10-29,9,1-4-2,24.9
2025-10-29,9,1-4-3,14.5
2025-10-29,9,1-4-5,11.5
2025-10-29,9,1-4-6,43.4
2025-10-29,9,1-5-2,28.6
2025-10-29,9,1-5-3,15.7
2025-10-29,9,1-5-4,15.3
2025-10-29,9,1-5-6,47.1
2025-10-29,9,1-6-2,207.2
2025-10-29,9,1-6-3,202.9
2025-10-29,9,1-6-4,192.4
2025-10-29,9,1-6-5,152.2
2025-10-29,9,2-1-3,142.9
2025-10-29,9,2-1-4,161.8
2025-10-29,9,2-1-5,167.4
2025-10-29,9,2-1-6,340.9
2025-10-29,9,2-3-1,198.3
2025-10-29,9,2-3-4,537.9
2025-10-29,9,2-3-5,455.3
2025-10-29,9,2-3-6,879.8
2025-10-29,9,2-4-1,250.1
2025-10-29,9,2-4-3,736.3
2025-10-29,9,2-4-5,479.5
2025-10-29,9,2-4-6,847.5
2025-10-29,9,2-5-1,308.5
2025-10-29,9,2-5-3,689.8
2025-10-29,9,2-5-4,646.8
2025-10-29,9,2-5-6,988.7
2025-10-29,9,2-6-1,795.5
2025-10-29,9,2-6-3,1561.0
2025-10-29,9,2-6-4,1441.0
2025-10-29,9,2-6-5,1393.0
2025-10-29,9,3-1-2,83.8
2025-10-29,9,3-1-4,40.4
2025-10-29,9,3-1-5,35.4
2025-10-29,9,3-1-6,130.2
2025-10-29,9,3-2-1,187.9
2025-10-29,9,3-2-4,280.2
2025-10-29,9,3-2-5,292.8
2025-10-29,9,3-2-6,596.6
2025-10-29,9,3-4-1,68.9
2025-10-29,9,3-4-2,201.2
2025-10-29,9,3-4-5,74.4
2025-10-29,9,3-4-6,178.3
2025-10-29,9,3-5-1,72.3
2025-10-29,9,3-5-2,247.7
2025-10-29,9,3-5-4,91.1
2025-10-29,9,3-5-6,237.3
2025-10-29,9,3-6-1,556.6
2025-10-29,9,3-6-2,910.7
2025-10-29,9,3-6-4,430.7
2025-10-29,9,3-6-5,578.3
2025-10-29,9,4-1-2,115.2
2025-10-29,9,4-1-3,73.7
2025-10-29,9,4-1-5,41.8
2025-10-29,9,4-1-6,116.4
2025-10-29,9,4-2-1,263.5
2025-10-29,9,4-2-3,532.4
2025-10-29,9,4-2-5,334.9
2025-10-29,9,4-2-6,419.4
2025-10-29,9,4-3-1,117.2
2025-10-29,9,4-3-2,350.1
2025-10-29,9,4-3-5,137.8
2025-10-29,9,4-3-6,313.1
2025-10-29,9,4-5-1,47.0
2025-10-29,9,4-5-2,157.6
2025-10-29,9,4-5-3,102.4
2025-10-29,9,4-5-6,80.7
2025-10-29,9,4-6-1,295.7
2025-10-29,9,4-6-2,536.5
2025-10-29,9,4-6-3,576.7
2025-10-29,9,4-6-5,256.9
2025-10-29,9,5-1-2,115.4
2025-10-29,9,5-1-3,67.7
2025-10-29,9,5-1-4,59.6
2025-10-29,9,5-1-6,130.3
2025-10-29,9,5-2-1,322.4
2025-10-29,9,5-2-3,542.1
2025-10-29,9,5-2-4,549.3
2025-10-29,9,5-2-6,644.8
2025-10-29,9,5-3-1,108.0
2025-10-29,9,5-3-2,348.9
2025-10-29,9,5-3-4,191.7
2025-10-29,9,5-3-6,438.0
2025-10-29,9,5-4-1,72.9
2025-10-29,9,5-4-2,228.4
2025-10-29,9,5-4-3,149.9
2025-10-29,9,5-4-6,142.5
2025-10-29,9,5-6-1,355.5
2025-10-29,9,5-6-2,716.0
2025-10-29,9,5-6-3,830.5
2025-10-29,9,5-6-4,365.5
2025-10-29,9,6-1-2,1098.0
2025-10-29,9,6-1-3,1348.0
2025-10-29,9,6-1-4,922.8
2025-10-29,9,6-1-5,738.9
2025-10-29,9,6-2-1,1609.0
2025-10-29,9,6-2-3,2563.0
2025-10-29,9,6-2-4,2805.0
2025-10-29,9,6-2-5,2662.0
2025-10-29,9,6-3-1,1634.0
2025-10-29,9,6-3-2,2471.0
2025-10-29,9,6-3-4,1940.0
2025-10-29,9,6-3-5,1805.0
2025-10-29,9,6-4-1,1412.0
2025-10-29,9,6-4-2,2532.0
2025-10-29,9,6-4-3,2281.0
2025-10-29,9,6-4-5,948.1
2025-10-29,9,6-5-1,895.0
2025-10-29,9,6-5-2,2662.0
2025-10-29,9,6-5-3,2471.0
2025-10-29,9,6-5-4,769.0
2025-10-29,10,1-2-3,26.4
2025-10-29,10,1-2-4,16.9
2025-10-29,10,1-2-5,132.1
2025-10-29,10,1-2-6,19.8
2025-10-29,10,1-3-2,19.8
2025-10-29,10,1-3-4,11.6
2025-10-29,10,1-3-5,128.9
2025-10-29,10,1-3-6,15.4
2025-10-29,10,1-4-2,13.4
2025-10-29,10,1-4-3,11.7
2025-10-29,10,1-4-5,124.3
2025-10-29,10,1-4-6,8.4
2025-10-29,10,1-5-2,278.4
2025-10-29,10,1-5-3,298.7
2025-10-29,10,1-5-4,316.3
2025-10-29,10,1-5-6,282.7
2025-10-29,10,1-6-2,29.4
2025-10-29,10,1-6-3,26.2
2025-10-29,10,1-6-4,16.6
2025-10-29,10,1-6-5,191.9
2025-10-29,10,2-1-3,146.6
2025-10-29,10,2-1-4,107.9
2025-10-29,10,2-1-5,535.3
2025-10-29,10,2-1-6,127.0
2025-10-29,10,2-3-1,235.9
2025-10-29,10,2-3-4,391.7
2025-10-29,10,2-3-5,1165.0
2025-10-29,10,2-3-6,405.9
2025-10-29,10,2-4-1,197.5
2025-10-29,10,2-4-3,455.0
2025-10-29,10,2-4-5,1047.0
2025-10-29,10,2-4-6,250.6
2025-10-29,10,2-5-1,1383.0
2025-10-29,10,2-5-3,1588.0
2025-10-29,10,2-5-4,1598.0
2025-10-29,10,2-5-6,1598.0
2025-10-29,10,2-6-1,227.3
2025-10-29,10,2-6-3,527.0
2025-10-29,10,2-6-4,301.4
2025-10-29,10,2-6-5,1238.0
2025-10-29,10,3-1-2,127.9
2025-10-29,10,3-1-4,51.9
2025-10-29,10,3-1-5,304.5
2025-10-29,10,3-1-6,63.8
2025-10-29,10,3-2-1,240.9
2025-10-29,10,3-2-4,346.4
2025-10-29,10,3-2-5,678.0
2025-10-29,10,3-2-6,379.8
2025-10-29,10,3-4-1,78.1
2025-10-29,10,3-4-2,260.3
2025-10-29,10,3-4-5,594.5
2025-10-29,10,3-4-6,100.7
2025-10-29,10,3-5-1,783.5
2025-10-29,10,3-5-2,1322.0
2025-10-29,10,3-5-4,1132.0
2025-10-29,10,3-5-6,1126.0
2025-10-29,10,3-6-1,128.4
2025-10-29,10,3-6-2,352.6
2025-10-29,10,3-6-4,150.4
2025-10-29,10,3-6-5,773.3
2025-10-29,10,4-1-2,47.3
2025-10-29,10,4-1-3,40.1
2025-10-29,10,4-1-5,152.3
2025-10-29,10,4-1-6,20.8
2025-10-29,10,4-2-1,114.2
2025-10-29,10,4-2-3,305.7
2025-10-29,10,4-2-5,527.0
2025-10-29,10,4-2-6,131.9
2025-10-29,10,4-3-1,74.3
2025-10-29,10,4-3-2,249.1
2025-10-29,10,4-3-5,544.0
2025-10-29,10,4-3-6,84.7
2025-10-29,10,4-5-1,321.0
2025-10-29,10,4-5-2,643.0
2025-10-29,10,4-5-3,763.3
2025-10-29,10,4-5-6,294.7
2025-10-29,10,4-6-1,26.3
2025-10-29,10,4-6-2,66.2
2025-10-29,10,4-6-3,68.3
2025-10-29,10,4-6-5,174.1
2025-10-29,10,5-1-2,1238.0
2025-10-29,10,5-1-3,1245.0
2025-10-29,10,5-1-4,1272.0
2025-10-29,10,5-1-6,969.8
2025-10-29,10,5-2-1,1588.0
2025-10-29,10,5-2-3,2390.0
2025-10-29,10,5-2-4,2921.0
2025-10-29,10,5-2-6,1923.0
2025-10-29,10,5-3-1,1690.0
2025-10-29,10,5-3-2,2390.0
2025-10-29,10,5-3-4,2751.0
2025-10-29,10,5-3-6,2366.0
2025-10-29,10,5-4-1,1479.0
2025-10-29,10,5-4-2,2211.0
2025-10-29,10,5-4-3,2572.0
2025-10-29,10,5-4-6,946.5
2025-10-29,10,5-6-1,1344.0
2025-10-29,10,5-6-2,2465.0
2025-10-29,10,5-6-3,2465.0
2025-10-29,10,5-6-4,1132.0
2025-10-29,10,6-1-2,94.8
2025-10-29,10,6-1-3,81.4
2025-10-29,10,6-1-4,44.6
2025-10-29,10,6-1-5,354.2
2025-10-29,10,6-2-1,182.1
2025-10-29,10,6-2-3,383.5
2025-10-29,10,6-2-4,240.4
2025-10-29,10,6-2-5,866.8
2025-10-29,10,6-3-1,153.7
2025-10-29,10,6-3-2,392.4
2025-10-29,10,6-3-4,192.7
2025-10-29,10,6-3-5,1020.0
2025-10-29,10,6-4-1,55.7
2025-10-29,10,6-4-2,135.3
2025-10-29,10,6-4-3,128.2
2025-10-29,10,6-4-5,328.2
2025-10-29,10,6-5-1,935.3
2025-10-29,10,6-5-2,1654.0
2025-10-29,10,6-5-3,1702.0
2025-10-29,10,6-5-4,883.0
2025-10-29,11,1-2-3,8.5
2025-10-29,11,1-2-4,17.7
2025-10-29,11,1-2-5,32.4
2025-10-29,11,1-2-6,46.0
2025-10-29,11,1-3-2,8.1
2025-10-29,11,1-3-4,9.8
2025-10-29,11,1-3-5,21.0
2025-10-29,11,1-3-6,28.6
2025-10-29,11,1-4-2,31.8
2025-10-29,11,1-4-3,22.6
2025-10-29,11,1-4-5,50.9
2025-10-29,11,1-4-6,59.0
2025-10-29,11,1-5-2,70.4
2025-10-29,11,1-5-3,63.0
2025-10-29,11,1-5-4,100.8
2025-10-29,11,1-5-6,123.5
2025-10-29,11,1-6-2,180.5
2025-10-29,11,1-6-3,150.9
2025-10-29,11,1-6-4,215.8
2025-10-29,11,1-6-5,254.2
2025-10-29,11,2-1-3,25.9
2025-10-29,11,2-1-4,39.2
2025-10-29,11,2-1-5,70.8
2025-10-29,11,2-1-6,100.1
2025-10-29,11,2-3-1,42.1
2025-10-29,11,2-3-4,75.0
2025-10-29,11,2-3-5,111.8
2025-10-29,11,2-3-6,130.6
2025-10-29,11,2-4-1,88.6
2025-10-29,11,2-4-3,123.6
2025-10-29,11,2-4-5,215.7
2025-10-29,11,2-4-6,167.2
2025-10-29,11,2-5-1,239.8
2025-10-29,11,2-5-3,245.7
2025-10-29,11,2-5-4,436.4
2025-10-29,11,2-5-6,485.1
2025-10-29,11,2-6-1,456.3
2025-10-29,11,2-6-3,445.5
2025-10-29,11,2-6-4,621.7
2025-10-29,11,2-6-5,824.9
2025-10-29,11,3-1-2,23.2
2025-10-29,11,3-1-4,22.8
2025-10-29,11,3-1-5,41.5
2025-10-29,11,3-1-6,51.3
2025-10-29,11,3-2-1,45.7
2025-10-29,11,3-2-4,64.9
2025-10-29,11,3-2-5,102.7
2025-10-29,11,3-2-6,102.7
2025-10-29,11,3-4-1,53.5
2025-10-29,11,3-4-2,78.2
2025-10-29,11,3-4-5,106.2
2025-10-29,11,3-4-6,105.3
2025-10-29,11,3-5-1,129.9
2025-10-29,11,3-5-2,198.2
2025-10-29,11,3-5-4,192.4
2025-10-29,11,3-5-6,238.7
2025-10-29,11,3-6-1,194.7
2025-10-29,11,3-6-2,271.2
2025-10-29,11,3-6-4,233.8
2025-10-29,11,3-6-5,331.4
2025-10-29,11,4-1-2,115.7
2025-10-29,11,4-1-3,96.7
2025-10-29,11,4-1-5,162.6
2025-10-29,11,4-1-6,162.5
2025-10-29,11,4-2-1,183.8
2025-10-29,11,4-2-3,224.2
2025-10-29,11,4-2-5,329.9
2025-10-29,11,4-2-6,265.0
2025-10-29,11,4-3-1,122.5
2025-10-29,11,4-3-2,202.2
2025-10-29,11,4-3-5,235.3
2025-10-29,11,4-3-6,207.8
2025-10-29,11,4-5-1,214.3
2025-10-29,11,4-5-2,289.3
2025-10-29,11,4-5-3,309.9
2025-10-29,11,4-5-6,241.9
2025-10-29,11,4-6-1,345.1
2025-10-29,11,4-6-2,463.4
2025-10-29,11,4-6-3,411.9
2025-10-29,11,4-6-5,396.6
2025-10-29,11,5-1-2,262.4
2025-10-29,11,5-1-3,228.1
2025-10-29,11,5-1-4,358.7
2025-10-29,11,5-1-6,395.1
2025-10-29,11,5-2-1,432.7
2025-10-29,11,5-2-3,472.1
2025-10-29,11,5-2-4,773.9
2025-10-29,11,5-2-6,706.5
2025-10-29,11,5-3-1,322.2
2025-10-29,11,5-3-2,485.9
2025-10-29,11,5-3-4,611.6
2025-10-29,11,5-3-6,615.3
2025-10-29,11,5-4-1,414.7
2025-10-29,11,5-4-2,587.6
2025-10-29,11,5-4-3,597.0
2025-10-29,11,5-4-6,469.9
2025-10-29,11,5-6-1,736.0
2025-10-29,11,5-6-2,968.6
2025-10-29,11,5-6-3,860.4
2025-10-29,11,5-6-4,805.0
2025-10-29,11,6-1-2,959.4
2025-10-29,11,6-1-3,734.2
2025-10-29,11,6-1-4,974.9
2025-10-29,11,6-1-5,1532.0
2025-10-29,11,6-2-1,1191.0
2025-10-29,11,6-2-3,912.7
2025-10-29,11,6-2-4,1924.0
2025-10-29,11,6-2-5,2208.0
2025-10-29,11,6-3-1,850.6
2025-10-29,11,6-3-2,991.0
2025-10-29,11,6-3-4,1191.0
2025-10-29,11,6-3-5,1696.0
2025-10-29,11,6-4-1,1186.0
2025-10-29,11,6-4-2,1876.0
2025-10-29,11,6-4-3,1230.0
2025-10-29,11,6-4-5,1472.0
2025-10-29,11,6-5-1,1900.0
2025-10-29,11,6-5-2,2346.0
2025-10-29,11,6-5-3,2001.0
2025-10-29,11,6-5-4,1640.0
2025-10-29,12,1-2-3,10.5
2025-10-29,12,1-2-4,14.4
2025-10-29,12,1-2-5,11.7
2025-10-29,12,1-2-6,19.7
2025-10-29,12,1-3-2,12.9
2025-10-29,12,1-3-4,16.4
2025-10-29,12,1-3-5,14.8
2025-10-29,12,1-3-6,24.9
2025-10-29,12,1-4-2,20.0
2025-10-29,12,1-4-3,26.9
2025-10-29,12,1-4-5,33.8
2025-10-29,12,1-4-6,33.2
2025-10-29,12,1-5-2,26.7
2025-10-29,12,1-5-3,32.2
2025-10-29,12,1-5-4,46.6
2025-10-29,12,1-5-6,37.4
2025-10-29,12,1-6-2,46.7
2025-10-29,12,1-6-3,68.0
2025-10-29,12,1-6-4,70.2
2025-10-29,12,1-6-5,68.0
2025-10-29,12,2-1-3,46.6
2025-10-29,12,2-1-4,67.0
2025-10-29,12,2-1-5,57.5
2025-10-29,12,2-1-6,88.1
2025-10-29,12,2-3-1,106.8
2025-10-29,12,2-3-4,275.1
2025-10-29,12,2-3-5,189.6
2025-10-29,12,2-3-6,245.7
2025-10-29,12,2-4-1,202.5
2025-10-29,12,2-4-3,388.1
2025-10-29,12,2-4-5,361.8
2025-10-29,12,2-4-6,394.7
2025-10-29,12,2-5-1,168.8
2025-10-29,12,2-5-3,318.3
2025-10-29,12,2-5-4,475.9
2025-10-29,12,2-5-6,336.6
2025-10-29,12,2-6-1,270.9
2025-10-29,12,2-6-3,505.4
2025-10-29,12,2-6-4,564.5
2025-10-29,12,2-6-5,432.7
2025-10-29,12,3-1-2,48.7
2025-10-29,12,3-1-4,66.4
2025-10-29,12,3-1-5,43.6
2025-10-29,12,3-1-6,62.0
2025-10-29,12,3-2-1,91.2
2025-10-29,12,3-2-4,184.0
2025-10-29,12,3-2-5,130.3
2025-10-29,12,3-2-6,178.9
2025-10-29,12,3-4-1,134.0
2025-10-29,12,3-4-2,224.9
2025-10-29,12,3-4-5,173.6
2025-10-29,12,3-4-6,157.8
2025-10-29,12,3-5-1,121.2
2025-10-29,12,3-5-2,205.9
2025-10-29,12,3-5-4,238.9
2025-10-29,12,3-5-6,190.9
2025-10-29,12,3-6-1,218.4
2025-10-29,12,3-6-2,408.3
2025-10-29,12,3-6-4,370.8
2025-10-29,12,3-6-5,345.8
2025-10-29,12,4-1-2,143.0
2025-10-29,12,4-1-3,200.4
2025-10-29,12,4-1-5,160.8
2025-10-29,12,4-1-6,149.0
2025-10-29,12,4-2-1,297.7
2025-10-29,12,4-2-3,712.5
2025-10-29,12,4-2-5,516.7
2025-10-29,12,4-2-6,457.5
2025-10-29,12,4-3-1,309.5
2025-10-29,12,4-3-2,581.2
2025-10-29,12,4-3-5,439.5
2025-10-29,12,4-3-6,326.8
2025-10-29,12,4-5-1,250.4
2025-10-29,12,4-5-2,374.0
2025-10-29,12,4-5-3,490.2
2025-10-29,12,4-5-6,275.1
2025-10-29,12,4-6-1,331.8
2025-10-29,12,4-6-2,494.5
2025-10-29,12,4-6-3,675.6
2025-10-29,12,4-6-5,416.6
2025-10-29,12,5-1-2,107.5
2025-10-29,12,5-1-3,125.1
2025-10-29,12,5-1-4,204.1
2025-10-29,12,5-1-6,135.2
2025-10-29,12,5-2-1,206.4
2025-10-29,12,5-2-3,381.2
2025-10-29,12,5-2-4,563.7
2025-10-29,12,5-2-6,350.2
2025-10-29,12,5-3-1,251.7
2025-10-29,12,5-3-2,453.3
2025-10-29,12,5-3-4,665.3
2025-10-29,12,5-3-6,501.5
2025-10-29,12,5-4-1,408.3
2025-10-29,12,5-4-2,621.9
2025-10-29,12,5-4-3,673.3
2025-10-29,12,5-4-6,423.3
2025-10-29,12,5-6-1,250.4
2025-10-29,12,5-6-2,403.3
2025-10-29,12,5-6-3,556.4
2025-10-29,12,5-6-4,487.7
2025-10-29,12,6-1-2,203.0
2025-10-29,12,6-1-3,293.4
2025-10-29,12,6-1-4,374.0
2025-10-29,12,6-1-5,299.5
2025-10-29,12,6-2-1,341.6
2025-10-29,12,6-2-3,612.2
2025-10-29,12,6-2-4,798.3
2025-10-29,12,6-2-5,682.7
2025-10-29,12,6-3-1,457.0
2025-10-29,12,6-3-2,723.1
2025-10-29,12,6-3-4,848.6
2025-10-29,12,6-3-5,835.9
2025-10-29,12,6-4-1,598.1
2025-10-29,12,6-4-2,1008.0
2025-10-29,12,6-4-3,1034.0
2025-10-29,12,6-4-5,818.4
2025-10-29,12,6-5-1,435.6
2025-10-29,12,6-5-2,724.4
2025-10-29,12,6-5-3,949.5
2025-10-29,12,6-5-4,788.7
